4294445	0.026215475	40135	34301	107	0	1021	26.766
11229741	0.025030189	65671	56061	171	0	795	19.899
16398218	0.023495078	79603	67928	206	52	5892	138.433
10837176	0.022410672	64507	55074	168	0	4198	94.08
2733854	0.022243989	31789	27194	86	0	1123	24.98
17550348	0.022093046	82396	70308	213	24	8254	182.356
22541935	0.021431197	93535	79795	241	80	10065	215.705
10184077	0.020340301	62479	53341	163	0	4449	90.494
9068752	0.019792108	58888	50281	154	0	3776	74.735
11499137	0.019662681	66469	56741	173	0	4767	93.732
2725340	0.019459016	31690	27095	86	37	10065	195.855
22164143	0.019424242	92737	79115	239	43	10065	195.505
21233628	0.018560255	90742	77415	234	83	10829	200.989
21418135	0.018544741	91141	77755	235	30	10829	200.821
19964423	0.018478807	87949	75035	227	91	10829	200.107
19608975	0.018377597	87151	74355	225	53	10829	199.011
16391420	0.018301364	79570	67895	206	45	9019	165.06
17879615	0.018149827	83161	70955	215	44	9818	178.195
11364040	0.017882989	66070	56401	172	0	5273	94.297
16560414	0.017679908	80002	68268	207	21	9138	161.559
21603440	0.017603749	91540	78095	236	32	10829	190.631
22748000	0.017595132	94000	80201	242	0	10065	177.095
22179917	0.017393244	92803	79181	239	0	10065	175.063
19271437	0.017390108	86419	73741	223	0	8613	149.781
14067341	0.01738909	73651	62861	191	0	7461	129.74
22549888	0.017314059	93568	79828	241	0	10065	174.266
21992152	0.017306492	92404	78841	238	0	10829	187.412
20867008	0.017043033	89944	76735	232	92	10829	184.559
19447232	0.017015724	86818	74081	224	0	8649	147.169
1234103	0.016930836	20917	17915	59	14	10410	176.25
19096440	0.016826713	86020	73401	222	0	8610	144.878
18233425	0.016802572	84025	71701	217	0	8398	141.108
20692518	0.016674855	89578	76428	231	44	10829	180.572
17390360	0.016659041	82030	70001	212	0	8218	136.904
19623825	0.016606218	87217	74421	225	0	8685	144.225
21611228	0.016482131	91573	78128	236	0	10829	178.485
17224141	0.016351259	81631	69661	211	0	8182	133.786
18929534	0.016334457	85654	73094	221	0	9493	155.063
3065335	0.01632853	33685	28795	91	23	10410	169.98
107120	0.016317758	5356	4655	20	4	10829	176.705
17051790	0.016241252	81199	69288	210	0	8145	132.285
18741580	0.016227278	85189	72688	220	0	8505	138.013
22368480	0.016225633	93202	79521	240	0	10065	163.311
14217600	0.016185007	74050	63201	192	0	7497	121.339
18063216	0.016181079	83626	71361	216	0	8361	135.29
18397238	0.016181074	84391	72008	218	0	8433	136.455
2348960	0.016061748	29362	25121	80	0	1247	20.029
17557377	0.016030898	82429	70341	213	0	8253	132.303
15129378	0.016018799	76411	65208	198	83	7713	123.553
15435200	0.016010387	77176	65855	200	47	8087	129.476
17893805	0.01599039	83227	71021	215	0	8325	133.12
16391420	0.015891804	79570	67895	206	98	9566	152.021
7783919	0.015809676	54433	46475	143	38	5643	89.214
15916418	0.015795008	78406	66908	203	0	7893	124.67
16894097	0.015714021	80833	68981	209	0	8109	127.425
14355919	0.015704163	74383	63475	193	27	8792	138.071
15605841	0.015682138	77641	66261	201	0	7821	122.65
13025728	0.015654755	70792	60415	184	57	10410	162.966
21805185	0.015636347	92005	78501	237	0	10829	169.326
18576237	0.015557095	84823	72381	219	0	9020	140.325
21249072	0.015546218	90808	77481	234	0	10829	168.35
16236820	0.015499686	79204	67588	205	14	7965	123.455
13769217	0.015450805	72853	62181	189	0	7389	114.166
4711168	0.015418001	42064	35935	112	20	7744	119.397
19432448	0.015393665	86752	74015	224	12	10829	166.698
15757414	0.015385389	78007	66568	202	0	7857	120.883
8943768	0.015378421	58456	49908	153	0	6395	98.345
21425890	0.015343984	91174	77788	235	0	10829	166.16
20143344	0.015271662	88348	75375	228	12	10410	158.978
16082952	0.015243348	78838	67281	204	0	8231	125.468
2163623	0.015160313	28099	24035	77	35	7030	106.577
11218455	0.015149829	65605	55995	171	24	7028	106.473
17725192	0.015149716	82828	70681	214	0	8289	125.576
5713719	0.015139097	46453	39675	123	49	10410	157.598
21065297	0.015130298	90409	77141	233	0	10829	163.846
14820148	0.014978409	75613	64528	196	10	7642	114.465
13321878	0.014914546	71623	61128	186	56	7583	113.097
16723408	0.014895454	80401	68608	208	0	8073	120.251
16560414	0.014863026	80002	68268	207	0	8038	119.469
15441800	0.014843674	77209	65888	200	0	7785	115.558
14980865	0.014773059	76045	64901	197	0	7676	113.398
16411814	0.014755135	79669	67994	206	0	8033	118.528
20518760	0.014741595	89212	76121	230	0	10410	153.46
3206919	0.014732818	34483	29475	93	35	7377	108.684
12314663	0.014715606	68797	58715	179	58	8330	122.581
20338177	0.01465658	88813	75781	229	0	10410	152.575
15285190	0.014651215	76810	65548	199	0	9794	143.494
10564738	0.014597787	63643	54328	166	8	6688	97.63
11771725	0.01452614	67267	57421	175	0	6886	100.027
20882320	0.01448758	90010	76801	232	0	10829	156.886
13621352	0.014438052	72454	61841	188	0	7353	106.163
12035823	0.014431227	67999	58035	177	12	6994	100.932
13468114	0.014405221	72022	61468	187	0	7317	105.403
13031800	0.01433636	70825	60448	184	51	9032	129.486
15129378	0.01431703	76411	65208	198	0	10264	146.95
13321878	0.014311453	71623	61128	186	36	7282	104.216
14362288	0.01430758	74416	63508	193	0	7533	107.779
17044860	0.014250939	81166	69255	210	12	10652	151.801
13170335	0.01420207	71191	60755	185	16	7245	102.894
18226264	0.01418771	83992	71668	217	42	10399	147.538
14666730	0.014146916	75214	64188	195	0	7637	108.04
12314663	0.014128804	68797	58715	179	14	7065	99.82
20692518	0.014103426	89578	76428	231	0	10829	152.726
12186592	0.014083203	68464	58441	178	0	7668	107.99
11760175	0.014057787	67201	57355	175	29	6922	97.308
13917880	0.014021145	73252	62521	190	0	7425	104.107
1993190	0.013978525	26935	23048	74	0	1397	19.528
13037872	0.013971012	70858	60481	184	0	7210	100.731
12750920	0.013964826	70060	59801	182	0	7136	99.653
15285190	0.0139227	76810	65548	199	29	7749	107.887
14514110	0.013875165	74815	63848	194	0	7570	105.035
9925328	0.013808733	61648	52628	161	0	7283	100.569
12881919	0.013747525	70393	60075	183	84	7676	105.526
19979405	0.013746699	88015	75101	227	0	10829	148.863
903975	0.013695729	17725	15195	51	19	6813	93.309
2407968	0.013649268	29728	25428	81	0	1571	21.443
10559260	0.013645142	63610	54295	166	45	6597	90.017
8938719	0.013602559	58423	49875	153	43	6957	94.633
19801216	0.01349312	87616	74761	226	0	10829	146.117
9189485	0.013457879	59287	50621	155	0	6517	87.705
4461697	0.013437158	40933	34981	109	0	1098	14.754
11903408	0.013430587	67633	57728	176	0	8932	119.962
107120	0.013290555	5356	4655	20	4	9148	121.582
6301263	0.013188867	48847	41715	129	50	3108	40.991
17210215	0.013166362	81565	69595	211	17	9305	122.513
12887958	0.01315821	70426	60108	183	0	7174	94.397
12608641	0.013062131	69661	59461	181	0	7452	97.339
9311016	0.012967831	59686	50961	156	0	6528	84.654
12738908	0.012945297	69994	59735	182	77	11407	147.667
11090630	0.012814743	65239	55688	170	30	6742	86.397
10952383	0.01278467	64807	55315	169	70	6706	85.734
5064560	0.012754944	43660	37295	116	46	3742	47.729
15916418	0.012735904	78406	66908	203	52	10322	131.46
14061038	0.012729768	73618	62828	191	68	8563	109.005
107120	0.012369076	5356	4655	20	4	9074	112.237
10306580	0.012346667	62845	53648	164	24	6525	80.562
10826088	0.012310345	64441	55008	168	49	6670	82.11
4798319	0.012219832	42463	36275	113	42	10690	130.63
9546044	0.012212709	60418	51575	158	44	6342	77.453
10046268	0.012205919	62014	52935	162	44	6454	78.777
10695014	0.012142168	64042	54668	167	4	6633	80.539
10306580	0.012142111	62845	53648	164	0	7466	90.653
6605808	0.012106698	50044	42735	132	41	6748	81.696
11096240	0.012051159	65272	55721	170	0	7682	92.577
7027528	0.01198516	51673	44128	136	35	5593	67.033
9669903	0.011920252	60817	51915	159	26	6345	75.634
8938719	0.011872899	58423	49875	153	33	6129	72.769
9305868	0.011770242	59653	50928	156	19	6237	73.411
166848	0.011766459	6952	6015	24	5	9797	115.276
689895	0.011686938	15331	13155	45	14	6561	76.678
10173319	0.011678841	62413	53275	163	37	6489	75.784
10056960	0.011621037	62080	53001	162	0	8642	100.429
5618588	0.011614899	46054	39335	122	42	7611	88.401
8829680	0.011582472	58090	49601	152	0	6093	70.572
8588850	0.011451088	57259	48888	150	0	6021	68.947
8706358	0.011445208	57658	49228	151	17	6552	74.989
9422983	0.011441256	60019	51235	157	57	6273	71.771
2285470	0.011422222	28930	24748	79	0	2205	25.186
12744914	0.011414817	70027	59768	182	30	8922	101.843
6102223	0.011206624	48049	41035	127	59	5193	58.196
8477057	0.011205415	56893	48581	149	0	6611	74.079
8013280	0.010995716	55264	47188	145	59	6769	74.43
8245965	0.010970912	56095	47901	147	0	5913	64.871
8361112	0.010928223	56494	48241	148	0	5949	65.012
7900560	0.010924879	54865	46848	144	0	5804	63.408
7677514	0.010922205	54067	46168	142	0	5733	62.617
8013280	0.010894196	55264	47188	145	0	5841	63.633
7793357	0.010862171	54499	46541	143	0	5768	62.653
16880303	0.010858857	80767	68915	209	36	9586	104.093
8131616	0.010850094	55696	47561	146	0	5877	63.766
4370544	0.010844111	40468	34575	108	44	7005	75.963
6406270	0.010609859	49279	42088	130	43	5903	62.63
9179255	0.010601869	59221	50555	155	24	6528	69.209
3883548	0.010559833	38074	32535	102	37	6000	63.359
5618588	0.010548445	46054	39335	122	46	5563	58.681
10969114	0.010540975	64906	55414	169	0	7346	77.434
7466900	0.010495055	53335	45554	140	0	5662	59.423
8706358	0.010461869	57658	49228	151	0	6058	63.378
9794560	0.01043152	61216	52255	160	79	6783	70.757
9799840	0.010388269	61249	52288	160	0	7621	79.169
3209988	0.010327051	34516	29508	93	0	2865	29.587
7348930	0.010317988	52870	45148	139	0	5626	58.049
9685644	0.010316847	60916	52014	159	0	8411	86.775
6110605	0.010299442	48115	41101	127	0	5193	53.485
7240998	0.01025085	52471	44808	138	0	5589	57.292
5524255	0.010185076	45655	38995	121	9	5749	58.554
7236444	0.010120953	52438	44775	138	37	6548	66.272
6817250	0.010115724	50875	43448	134	2	5444	55.07
7677514	0.010113515	54067	46168	142	0	5823	58.891
7138385	0.010112012	52105	44501	137	0	5553	56.152
2343680	0.009995457	29296	25055	80	32	6824	68.209
6921990	0.009926551	51274	43788	135	29	5514	54.735
6507818	0.009864156	49678	42428	131	0	5337	52.645
7344343	0.009852525	52837	45115	139	31	6435	63.401
2163623	0.009797829	28099	24035	77	32	6079	59.561
9925328	0.009783274	61648	52628	161	3	7318	71.594
8351344	0.009759932	56428	48175	148	24	7677	74.927
7032016	0.009725263	51706	44161	136	0	5518	53.664
10689503	0.009716527	64009	54635	167	54	8925	86.72
4890030	0.009697842	42895	36648	114	0	4726	45.832
6012216	0.009582978	47716	40761	126	0	5158	49.429
6309777	0.009556695	48913	41781	129	0	5265	50.316
6410560	0.00949651	49312	42121	130	0	5301	50.341
7571841	0.009412142	53701	45861	141	0	5930	55.814
4714864	0.009395024	42097	35968	112	0	5225	49.089
6717697	0.009342023	50509	43141	133	0	5409	50.531
6205568	0.009256214	48481	41408	128	0	5230	48.41
5817832	0.009234218	46918	40081	124	0	5085	46.956
5337983	0.009224235	44857	38315	119	29	6016	55.493
347919	0.009032475	10543	9075	33	7	6097	55.071
2105200	0.009018117	27700	23695	76	19	7617	68.691
5914625	0.008996681	47317	40421	125	0	5122	46.081
5434680	0.008912991	45289	38688	120	9	4942	44.048
1569216	0.008883935	23776	20361	66	0	1301	11.558
1771420	0.008839689	25306	21655	70	16	5271	46.594
3734200	0.008801585	37342	31921	100	0	3911	34.423
5622614	0.008690604	46087	39368	122	43	5013	43.566
5532241	0.008645168	45721	39061	121	0	4977	43.027
5253832	0.00863586	44524	38041	118	0	4869	42.048
477698	0.008601958	12571	10808	38	0	613	5.273
259463	0.008577409	8947	7715	29	7	7357	63.104
7783919	0.008551737	54433	46475	143	16	7886	67.439
5162625	0.008551717	44125	37701	117	0	4834	41.339
4718560	0.008535998	42130	36001	112	0	4653	39.718
3206919	0.008530009	34483	29475	93	25	5815	49.602
5072216	0.008476131	43726	37361	116	0	4797	40.66
5721837	0.008447613	46519	39741	123	0	5049	42.652
4886268	0.00840742	42862	36615	114	12	5984	50.31
4978810	0.00830021	43294	36988	115	0	4760	39.509
7895808	0.008287945	54832	46815	144	32	7557	62.632
4628478	0.008204245	41698	35628	111	10	4617	37.879
5341910	0.00811598	44890	38348	119	0	4906	39.817
6610164	0.008001834	50077	42768	132	0	5999	48.003
4208518	0.007994316	39703	33928	106	0	4574	36.566
4805777	0.007988913	42529	36341	113	0	4690	37.468
4287383	0.007848082	40069	34235	107	4	4509	35.387
2467708	0.007784296	30094	25735	82	28	4330	33.706
302095	0.00771522	9745	8395	31	8	5657	43.645
4370544	0.007656005	40468	34575	108	12	4596	35.187
563135	0.00756169	13735	11795	41	10	4474	33.831
372028	0.007518477	10942	9415	34	8	4438	33.367
3808508	0.007359655	37708	32228	101	14	4293	31.595
6917535	0.007341439	51241	43755	135	35	8142	59.774
942448	0.007314474	18124	15535	52	18	4401	32.191
2163623	0.007291122	28099	24035	77	24	5812	42.376
3004650	0.00718563	33385	28554	90	0	3911	28.103
2926943	0.006966781	32887	28115	89	35	4365	30.41
3650823	0.006800995	36877	31515	99	20	4221	28.707
3574844	0.006793787	36478	31175	98	20	4185	28.432
1146783	0.006750552	20119	17235	57	21	4077	27.522
3135728	0.006735358	34084	29135	92	33	4149	27.945
4458100	0.006717731	40900	34948	109	10	5307	35.651
3808508	0.006694352	37708	32228	101	0	4816	32.24
2343680	0.006643784	29296	25055	80	27	4006	26.615
2929880	0.006635813	32920	28148	89	20	4127	27.386
396935	0.006613578	11341	9755	35	12	4257	28.154
1195786	0.006522546	20617	17674	58	0	1885	12.295
983468	0.006499371	18556	15908	53	0	1590	10.334
372028	0.006458554	10942	9415	34	10	3969	25.634
396935	0.006428022	11341	9755	35	4	3897	25.05
2926943	0.006319782	32887	28115	89	15	3862	24.407
2346320	0.00625212	29329	25088	80	18	3538	22.12
2163623	0.006202899	28099	24035	77	19	3933	24.396
2858944	0.00609932	32488	27775	88	3	3826	23.336
2725340	0.006093259	31690	27095	86	21	3753	22.868
3657357	0.006055154	36943	31581	99	0	4986	30.191
3278908	0.006052262	34882	29815	94	12	4267	25.825
5713719	0.005961222	46453	39675	123	38	5828	34.742
2659735	0.005948337	31291	26755	85	25	3968	23.603
2107708	0.005916329	27733	23728	76	0	3705	21.92
2665345	0.005827221	31357	26821	85	0	3681	21.45
793344	0.005782939	16528	14175	48	12	3681	21.287
2467708	0.00574349	30094	25735	82	23	3610	20.734
10700525	0.005741025	64075	54701	167	0	8858	50.854
2791743	0.005691211	32089	27435	87	34	3789	21.564
2530919	0.005593141	30493	26075	83	16	3645	20.387
3068338	0.005522282	33718	28828	91	0	5049	27.882
13756743	0.00549562	72787	62115	189	8	7990	43.91
476444	0.005434188	12538	10775	38	7	5189	28.198
3890280	0.005395841	38140	32601	102	0	5770	31.134
1939537	0.005349881	26569	22741	73	0	3787	20.26
15435200	0.005337407	77176	65855	200	75	10065	53.721
2163623	0.005266651	28099	24035	77	1	4324	22.773
2230566	0.005244733	28597	24474	78	0	3465	18.173
4049552	0.005235972	38938	33281	104	0	6077	31.819
1723137	0.005230459	24973	21381	69	0	2482	12.982
2407968	0.005163168	29728	25428	81	9	3573	18.448
1771420	0.005114398	25306	21655	70	20	4834	24.723
624919	0.005107653	14533	12475	43	11	3502	17.887
2107708	0.00504244	27733	23728	76	0	3393	17.109
723580	0.005020476	15730	13495	46	11	3321	16.673
3357965	0.004930271	35347	30221	95	0	5464	26.939
2050050	0.004930018	27334	23388	75	0	3358	16.555
1825055	0.004927362	25705	21995	71	14	3249	16.009
2166164	0.004860309	28132	24068	77	0	3429	16.666
1720860	0.004648725	24940	21348	69	23	3177	14.769
1881864	0.004639296	26137	22368	72	40	3751	17.402
1468480	0.004633904	22945	19648	64	0	1109	5.139
1373114	0.004586649	22147	18968	62	0	2966	13.604
1879488	0.00457382	26104	22335	72	11	3285	15.025
18914948	0.004528116	85588	73028	221	21	2134	9.663
1324615	0.004527544	21715	18595	61	12	3213	14.547
3282010	0.004501779	34915	29848	94	14	4777	21.505
1564860	0.004479153	23710	20295	66	14	3070	13.751
107120	0.004458622	5356	4655	20	4	3033	13.523
533440	0.004415277	13336	11455	40	12	2998	13.237
1371068	0.00439011	22114	18935	62	15	3458	15.181
1829741	0.004389078	25771	22061	71	0	4120	18.083
2536397	0.004375213	30559	26141	83	0	4107	17.969
1666544	0.00427539	24508	20975	68	10	3141	13.429
1673276	0.00422206	24607	21074	68	0	3427	14.469
1422477	0.004127196	22579	19341	63	0	3302	13.628
1420398	0.004104054	22546	19308	63	17	2960	12.148
1615303	0.004103009	24109	20635	67	17	3456	14.18
13905340	0.00407227	73186	62455	190	5	10447	42.543
1324615	0.004014192	21715	18595	61	9	2889	11.597
1517360	0.003995622	23344	19988	65	0	3198	12.778
947596	0.00396519	18223	15634	52	0	2528	10.024
1234103	0.003963068	20917	17915	59	12	2816	11.16
1152426	0.003900581	20218	17334	57	0	3098	12.084
1619725	0.003811111	24175	20701	67	0	3600	13.72
1104320	0.003791333	19720	16895	56	20	2746	10.411
796512	0.003791282	16594	14241	48	0	2386	9.046
1064470	0.003745509	19354	16588	55	0	2672	10.008
1280940	0.00371013	21349	18288	60	7	2853	10.585
871250	0.003703824	17425	14954	50	0	2458	9.104
903975	0.003647471	17725	15195	51	13	2709	9.881
183775	0.003608036	7351	6355	25	7	2638	9.518
762716	0.003604911	16228	13934	47	0	1792	6.46
1027134	0.003588889	19021	16314	54	0	3150	11.305
907341	0.003554762	17791	15261	51	0	2520	8.958
983468	0.003550557	18556	15908	53	2	2601	9.235
1190044	0.003549802	20518	17575	58	9	2781	9.872
13170335	0.003490487	71191	60755	185	36	8147	28.437
1282920	0.003478471	21382	18321	60	0	3716	12.926
944164	0.003469992	18157	15568	52	12	2566	8.904
831040	0.003444659	16960	14548	49	1	2593	8.932
1236050	0.003398876	20950	17948	59	0	3560	12.1
1778350	0.003347598	25405	21754	70	0	1332	4.459
829423	0.00332262	16927	14515	49	14	2458	8.167
107120	0.00315373	5356	4655	20	4	6622	20.884
867950	0.003146081	17359	14888	50	4	2526	7.947
220914	0.003136415	8182	7068	27	2	887	2.782
4126920	0.003078296	39304	33588	105	0	5939	18.282
449143	0.00303619	12139	10435	37	2	1575	4.782
5430720	0.003001034	45256	38655	120	43	6769	20.314
903975	0.003000791	17725	15195	51	15	2528	7.586
725098	0.00288676	15763	13528	46	7	2349	6.781
627757	0.002879464	14599	12541	43	0	2240	6.45
759614	0.002843252	16162	13868	47	3	2386	6.784
794928	0.002781998	16561	14208	48	8	2422	6.738
4546520	0.002687614	41332	35321	110	0	5490	14.755
564488	0.002615861	13768	11828	41	3	2421	6.333
8121980	0.002556816	55630	47495	146	30	6697	17.123
19089114	0.002532847	85987	73368	222	62	9879	25.022
624919	0.002524823	14533	12475	43	10	2397	6.052
661364	0.002516469	15031	12914	44	0	2277	5.73
726616	0.002514286	15796	13561	46	0	2590	6.512
1328641	0.002513069	21781	18661	61	0	4132	10.384
564488	0.002490775	13768	11828	41	0	2168	5.4
595014	0.002427211	14167	12168	42	0	2205	5.352
507117	0.002368622	13003	11181	39	0	2097	4.967
2797485	0.002340437	32155	27501	87	0	3754	8.786
107120	0.002310911	5356	4655	20	4	2557	5.909
595014	0.002291981	14167	12168	42	3	2781	6.374
21049919	0.002285437	90343	77075	233	59	10829	24.749
536080	0.002232068	13402	11521	40	0	2133	4.761
478952	0.002209505	12604	10841	38	0	2062	4.556
425016	0.002164907	11806	10161	36	0	1989	4.306
400400	0.002076254	11440	9854	35	0	1954	4.057
533440	0.002067969	13336	11455	40	10	2560	5.294
451585	0.00205232	12205	10501	37	0	2026	4.158
107120	0.002043058	5356	4655	20	4	2067	4.223
422640	0.001944028	11740	10095	36	3	2537	4.932
373150	0.001941073	10975	9448	34	9	2274	4.414
350097	0.001892079	10609	9141	33	0	1881	3.559
692865	0.001876282	15397	13221	45	0	3314	6.218
374272	0.001855503	11008	9481	34	0	1917	3.557
326720	0.001827736	10210	8801	32	0	1846	3.374
281370	0.001797404	9379	8088	30	0	1772	3.185
303118	0.001761062	9778	8428	31	0	1808	3.184
325664	0.001700047	10177	8768	32	2	2147	3.65
3431616	0.001669272	35746	30561	96	0	4478	7.475
20504	0.001663948	1864	1694	11	0	613	1.02
260420	0.001655701	8980	7748	29	0	1763	2.919
166848	0.001630435	6952	6015	24	7	1702	2.775
241192	0.001616921	8614	7441	28	0	1702	2.752
221805	0.001614784	8215	7101	27	0	1664	2.687
201500	0.001609524	7750	6695	26	3	1680	2.704
303118	0.001609232	9778	8428	31	0	2188	3.521
1418319	0.001588266	22513	19275	63	18	3784	6.01
203216	0.001580368	7816	6761	26	0	1630	2.576
281370	0.001540637	9379	8088	30	2	2510	3.867
398090	0.001520322	11374	9788	35	0	2362	3.591
186250	0.001444095	7450	6454	25	0	1592	2.299
169224	0.001430957	7051	6114	24	0	1557	2.228
152237	0.001368421	6619	5741	23	0	1520	2.08
1064470	0.001359064	19354	16588	55	0	2863	3.891
166848	0.001339565	6952	6015	24	1	1979	2.651
122934	0.001307798	5854	5094	21	0	1449	1.895
108440	0.001279037	5422	4721	20	0	1412	1.806
183775	0.001268743	7351	6355	25	1	1894	2.403
137566	0.001247518	6253	5434	22	0	1511	1.885
83826	0.001209545	4657	4074	18	0	1341	1.622
107780	0.001208865	5389	4688	20	0	1489	1.8
96064	0.001190269	5056	4414	19	0	1377	1.639
94810	0.001170657	4990	4348	19	4	1629	1.907
107120	0.001149156	5356	4655	20	4	1837	2.111
72386	0.001128067	4258	3734	17	0	1304	1.471
107120	0.001123068	5356	4655	20	4	1682	1.889
1200	0.001117455	300	303	4	0	613	0.685
10435260	0.00110941	63244	53988	165	0	6727	7.463
61744	0.00107959	3859	3394	16	0	1269	1.37
82638	0.001072334	4591	4008	18	3	1341	1.438
71264	0.001060563	4192	3668	17	0	1420	1.506
3141800	0.001020053	34150	29201	92	0	2992	3.052
21797364	0.001013944	91972	78468	237	0	10829	10.98
41468	0.000996759	2962	2615	14	1	1234	1.23
2864752	0.000989173	32554	27841	88	0	3325	3.289
27156	0.000972438	2263	2034	12	0	1161	1.129
51405	0.000968389	3427	3021	15	0	1297	1.256
33748	0.000952421	2596	2308	13	0	1198	1.141
42392	0.000950511	3028	2681	14	0	1273	1.21
60688	0.000950192	3793	3328	16	0	1566	1.488
1200	0.000935547	300	303	4	0	512	0.479
14650	0.000934862	1465	1354	10	0	1090	1.019
14650	0.000888889	1465	1354	10	0	1125	1
3000	0.000852727	500	505	6	0	550	0.469
4200	0.000842355	600	606	7	0	1053	0.887
3000	0.000840122	500	505	6	0	982	0.825
3000	0.000809243	500	505	6	0	1017	0.823
3000	0.000806922	500	505	6	0	549	0.443
9594	0.000791552	1066	1014	9	0	1089	0.862
4200	0.000777975	600	606	7	0	1126	0.876
3581312	0.000777799	36544	31241	98	0	5297	4.12
5600	0.000770449	700	707	8	0	1137	0.876
4200	0.000758562	600	606	7	0	584	0.443
2000	0.000757143	400	404	5	0	980	0.742
4200	0.000735974	600	606	7	0	909	0.669
2000	0.000734095	400	404	5	0	613	0.45
2475826	0.000732517	30193	25834	82	0	3675	2.692
1200	0.000731217	300	303	4	0	945	0.691
9556472	0.000727079	60484	51641	158	0	7024	5.107
4200	0.000723856	600	606	7	0	612	0.443
3000	0.000720504	500	505	6	0	873	0.629
2597700	0.000716376	30925	26448	84	0	3896	2.791
5600	0.000714516	700	707	8	0	620	0.443
1200	0.000709476	300	303	4	0	802	0.569
2000	0.000708831	400	404	5	0	838	0.594
34606	0.000705452	2662	2374	13	0	1504	1.061
2000	0.000700477	400	404	5	0	838	0.587
1200	0.000694836	300	303	4	0	852	0.592
1200	0.000694444	300	303	4	0	648	0.45
2000	0.000694084	400	404	5	0	693	0.481
1200	0.000690049	300	303	4	0	613	0.423
4200	0.000685379	600	606	7	0	766	0.525
3000	0.000637319	500	505	6	0	761	0.485
151478	0.000636868	6586	5708	23	0	1622	1.033
3969517	0.000625882	38539	32941	103	0	3686	2.307
3000	0.000620968	500	505	6	0	744	0.462
21976444	0.000596177	92338	78775	238	51	10829	6.456
2000	0.000582041	400	404	5	0	1225	0.713
658460	0.000573222	14965	12848	44	5	2629	1.507
3506065	0.000500183	36145	30901	97	0	5464	2.733
259463	0.000491968	8947	7715	29	7	1992	0.98
6003900	0.000442414	47650	40695	126	21	5583	2.47
5813740	0.00032202	46885	40048	124	32	6217	2.002
1106168	0.000300179	19753	16928	56	1	3358	1.008
5064560	0.000281798	43660	37295	116	26	8609	2.426
3000	0.000248918	500	505	6	0	924	0.23
2858944	0.000176291	32488	27775	88	28	5888	1.038
13608944	0.000158027	72388	61775	188	39	8758	1.384
11629290	0.000148613	66835	57048	174	25	6850	1.018
14507708	0.000122905	74782	63815	194	39	8592	1.056
5600	0.00011499	700	707	8	0	974	0.112
18561783	0.000106803	84757	72315	219	56	9672	1.033
4200	0.000106184	600	606	7	0	857	0.091
2000	6.91906E-05	400	404	5	0	766	0.053
1200	6.39269E-05	300	303	4	0	657	0.042
